gene	unassigned	nucleosome	unbound	PIC	PIC.polII	polII
NM_001014454.2	3.91809908998989	44.4135490394338	43.6889113582744	5.94876980114594	0	2.03067071115605
NM_001014476.2	1.17566643882433	59.3438140806562	13.984962406015	0.526315789473684	0.526315789473684	24.4429254955571
NM_001014478.2	2.72727272727273	68.382126348228	13.0816640986133	0	0	15.808936825886
NM_001014543.2	5.59782608695652	26.9021739130435	2.8804347826087	16.9021739130435	43.125	4.59239130434783
NM_001014565.2	3.65569956796278	53.8551013625789	34.4632768361582	0.980392156862745	0	7.04553007643736
NM_001014577.2	0	60.6481481481481	25.6944444444444	0	0	13.6574074074074
NM_001014643.2	5.18482699333763	46.6365785514722	31.5334192993767	1.56888029228455	1.54201590371803	13.5342789598109
NM_001014678.3	3.27702702702703	22.7871621621622	33.6148648648649	0.675675675675676	0	39.6452702702703
NM_001031933.3	8.52480852480852	26.7787767787768	12.981462981463	24.3867243867244	23.5708735708736	3.75735375735376
NM_001031990.4	7.13333333333333	43.4	33.9333333333333	4.06666666666667	0.4	11.0666666666667
NM_001032217.3	5.66749110212946	32.1258370030765	21.5961874886891	10.7980937443446	10.9428726548833	18.869518006877
NM_001032403.2	2.67482517482518	19.4755244755245	62.2086247086247	3.43822843822844	0.757575757575758	11.4452214452214
NM_001032408.3	2.87458379578246	48.0355160932297	31.4206437291898	0.769515353311136	2.11246762856086	14.787273399926
NM_001038776.3	0.337837837837838	55.8731808731809	33.3809771309771	1.15644490644491	0.337837837837838	8.91372141372141
NM_001038812.2	1.55168297923132	58.6655526378611	39.7827643829076	0	0	0
NM_001038817.1	2.47159090909091	18.3238636363636	51.7613636363636	4.16193181818182	0	23.28125
NM_001042873.2	38.9880952380952	12.6984126984127	48.3134920634921	0	0	0
NM_001042881.5	6.34453781512605	16.2605042016807	18.4663865546218	4.01260504201681	11.5336134453782	43.3823529411765
NM_001042906.2	5.7608100711549	74.3021346469622	11.5216201423098	5.03557744937055	1.72413793103448	1.65571975916804
NM_001043113.2	2.63157894736842	59.6491228070175	24.5614035087719	0.87719298245614	0	12.280701754386
NM_001043139.4	3.56994603569946	30.5105853051058	38.3354088833541	1.44250726442507	4.25487754254878	21.8866749688667
NM_001043192.3	1.57358156028369	47.8501773049645	32.6241134751773	4.23315602836879	3.71232269503546	10.0066489361702
NM_001043241.3	1.78571428571429	30.5851063829787	44.870820668693	1.06382978723404	0	21.6945288753799
NM_001043290.2	2.1999043519847	64.5384983261597	16.3916786226686	4.28024868483979	1.59014825442372	10.9995217599235
NM_001103740.3	0	40.0454545454545	32.1818181818182	0	1	26.7727272727273
NM_001103863.3	4.67160709096193	89.7195582679454	3.925094449288	0.225225225225225	0.830063934902645	0.628451031676838
NM_001103899.2	6.0974025974026	33.1818181818182	48.6753246753247	0.5	0.5	11.0454545454545
NM_001103967.2	4.61317135549872	53.2608695652174	31.2947570332481	0.802429667519182	0.434782608695652	9.59398976982097
NM_001104104.3	3.36728919071873	71.3780418788908	22.6230899830221	0.87719298245614	0	1.75438596491228
NM_001104153.3	2.36756168359942	39.0511611030479	40.9470246734398	1.91400580551524	0.961538461538462	14.7587082728592
NM_001104159.3	3.52499542208387	58.9971311725569	28.1023011658426	3.53109931026064	0.775193798449612	5.06927913080632
NM_001104160.3	0.854700854700855	42.8957892260645	42.9271543950443	4.88904571473379	1.34478162001098	7.08852818944562
NM_001104235.2	0.543478260869565	71.6538789428815	21.7071611253197	0.543478260869565	0.543478260869565	5.00852514919011
NM_001104277.2	5.35509736540664	56.6036655211913	9.59908361970218	10.9106529209622	5.79037800687285	11.7411225658648
NM_001104305.3	0.714285714285714	68.9227166276347	17.4824355971897	1.42857142857143	0.714285714285714	10.7377049180328
NM_001104323.3	1.71714244312418	50.3912476452688	28.9668164034198	1.49253731343284	1.45631067961165	15.9759455151427
NM_001104363.2	5.27408637873754	35.2021040974529	46.5808416389812	0.581395348837209	0	12.3615725359911
NM_001104456.2	2.4314765694076	43.1255526083112	51.5030946065429	0	0	2.93987621573828
NM_001104469.3	1.42857142857143	50.8928571428571	31.0714285714286	0.416666666666667	0.416666666666667	15.7738095238095
NM_001104472.2	2.25177304964539	47.4024822695036	31.9148936170213	0.354609929078014	0.771276595744681	17.3049645390071
NM_001144145.4	1.6504329004329	63.474025974026	13.6904761904762	0	0	21.1850649350649
NM_001144167.1	1.08695652173913	61.2972202423378	36.5288667141839	0	1.08695652173913	0
NM_001144188.2	2.35294117647059	53.1031543052003	30.2387041773231	1.31287297527707	0.72463768115942	12.2676896845695
NM_001144237.2	4.58715596330275	47.2477064220184	26.1467889908257	0	0.458715596330275	21.5596330275229
NM_001144289.2	2.15320910973085	22.3188405797101	64.7619047619048	0.72463768115942	0.72463768115942	9.3167701863354
NM_001144373.2	7.17586649550706	35.2545999144202	27.98459563543	1.33932391955499	2.67864783910997	25.5669661959777
NM_001144446.2	5.7631160572337	53.1399046104928	38.3942766295708	2.7027027027027	0	0
NM_001144530.2	1.82587064676617	43.8407960199005	43.6417910447761	0.333333333333333	0.373134328358209	9.98507462686567
NM_001144543.3	0.699300699300699	23.4853641933288	70.7129154031809	3.51816325267653	0	1.58425645151309
NM_001144559.2	0	13.0067567567568	59.6283783783784	3.43468468468468	0	23.9301801801802
NM_001144629.3	0	70.519320361743	23.0131542888463	1.17155385036996	0	5.29597149904083
NM_001144646.2	0	32.8725038402458	7.98771121351766	40.3609831029186	18.778801843318	0
NM_001169497.1	3.66112198303979	78.8323548597521	12.8016960208741	2.73972602739726	0.684931506849315	1.28016960208741
NM_001169565.2	0.874179264009773	63.6280348144755	18.8616582684379	1.74835852801955	0.900900900900901	13.9868682241564
NM_001169632.2	1.66666666666667	30	25.1515151515151	1.51515151515152	1.51515151515152	40.1515151515152
NM_001169640.2	3.53846153846154	51.1794871794872	34.3589743589744	1.33333333333333	0	9.58974358974359
NM_001169641.2	4.67239527389903	42.4812030075188	38.3995703544576	3.06122448979592	0.87719298245614	10.5084138918725
NM_001169729.2	1.70717592592593	26.244212962963	37.5578703703704	3.41435185185185	0.925925925925926	30.150462962963
NM_001169776.2	7.3147172462241	27.581664910432	50.6059009483667	1.32595714787496	0.641025641025641	12.5307341060766
NM_001169829.3	0.543478260869565	86.1314824515453	8.19800942902043	0.543478260869565	1.20481927710843	3.37873232058669
NM_001169831.3	3.36495031616983	52.7551942186088	24.2321589882566	0	0.925925925925926	18.7217705510388
NM_001169871.1	1.38888888888889	41.4930555555556	45.4861111111111	2.95138888888889	0	8.68055555555556
NM_001169992.2	0	98.1803278688525	1.81967213114754	0	0	0
NM_001169994.2	3.12358019082235	52.1581099500227	27.1921853702862	0	0.806451612903226	16.7196728759655
NM_001170022.3	0	17.3611111111111	49.3055555555556	0	0	33.3333333333333
NM_001170099.3	1.61394866476536	55.1853772361939	20.2845475758361	0.862068965517241	0.37593984962406	21.6781177080633
NM_001170289.2	1.14556416881998	50.3789836347976	25.7192075796727	0.387596899224806	0.740740740740741	21.6279069767442
NM_001201763.2	1.38888888888889	87.3263888888889	9.20138888888889	0	0	2.08333333333333
NM_001201765.2	2.95136575616256	51.4257161892072	34.2438374417055	0.632911392405063	0	10.7461692205197
NM_001201909.2	0	21.4772727272727	65.3409090909091	0	0	13.1818181818182
NM_001201966.2	12.7083333333333	36.6666666666667	16.0416666666667	2.5	0	32.0833333333333
NM_001201986.2	3.56476442232934	57.1489659461981	25.6608614523402	0	0.458715596330275	13.1666925828021
NM_001202070.1	6.63072776280323	34.1509433962264	22.2911051212938	0.943396226415094	0	35.9838274932615
NM_001202098.2	0	93.5714285714286	5	1.42857142857143	0	0
NM_001202203.1	0.420168067226891	10.3470395791905	83.2381807684906	5.2312528064661	0.763358778625954	0
NM_001202271.2	1.01966873706004	28.6904761904762	42.8933747412008	0	0.543478260869565	26.8530020703934
NM_001202337.2	5.24106758501937	62.7690486439948	12.1125699526474	0	0	19.8773138183384
NM_001202341.1	2.3073476702509	53.1810035842294	27.1057347670251	5.15232974910394	0.694444444444444	11.5591397849462
NM_001259087.3	2.49346612982977	22.7096136187045	37.3843328388783	0.413223140495868	0.413223140495868	36.5861411315957
NM_001259204.1	1.33767630130921	90.5018657896401	6.77376510024666	0.822212383783442	0.257731958762887	0.306748466257669
NM_001259297.2	0	44.7001527883881	40.8040488922842	0	0	14.4957983193277
NM_001259401.2	2.79650436953808	18.4269662921348	44.6754057428215	0.561797752808989	0.555555555555556	32.9837702871411
NM_001259435.2	8.51810790835181	35.760039418576	44.0687361419069	5.17368810051737	0.609756097560976	5.86967233308697
NM_001259575.2	0.568181818181818	21.3343108504399	31.5310361681329	6.66544477028348	16.6177908113392	23.2832355816227
NM_001259608.2	2.10309259327601	40.5529209875632	14.5546554969185	3.31909436468982	1.93240949182566	37.5378270657268
NM_001259637.1	0	46.2488350419385	38.5601118359739	0	0.862068965517241	14.3289841565704
NM_001259654.2	0	53.3960459183673	26.0044642857143	1.02040816326531	1.02040816326531	18.5586734693878
NM_001259733.1	1.88679245283019	28.9308176100629	61.7575122292103	1.85185185185185	1.86932215234102	3.7037037037037
NM_001259820.2	11.8584603047314	62.626303127506	6.59182036888533	7.99117882919006	9.42461908580593	1.50761828388132
NM_001259879.2	6.95913461538462	45.6730769230769	38.0288461538462	0	0.78125	8.55769230769231
NM_001259887.2	1.96078431372549	49.4909502262443	33.0316742081448	0	0.980392156862745	14.5361990950226
NM_001259909.2	1.8236074270557	50.1989389920424	20.8222811671088	0	3.54774535809019	23.6074270557029
NM_001259930.2	3	93.7391304347826	0	0	3.26086956521739	0
NM_001259937.2	3.5982478097622	31.0700876095119	20.1971214017522	0.735294117647059	0	44.3992490613267
NM_001259958.2	5.76480263157895	41.0800438596491	51.3212719298246	0	0	1.83388157894737
NM_001259972.2	4.84539969834087	68.0241327300151	22.2662141779789	0	0	4.86425339366516
NM_001259992.2	0.480769230769231	38.4946949602122	26.6744031830239	1.72413793103448	2.58620689655172	30.0397877984085
NM_001260095.2	1.98529411764706	39.8529411764706	29.7058823529412	3.97058823529412	2.5	21.9852941176471
NM_001260168.1	1.12359550561798	25.4831460674157	41.3483146067416	2	0.5	29.5449438202247
NM_001260203.1	3.77777777777778	46.5185185185185	14.5555555555556	4.77777777777778	1.92592592592593	28.4444444444444
NM_001260304.2	3.08441558441558	66.5584415584416	12.8246753246753	5.27597402597403	0.649350649350649	11.6071428571429
NM_001260358.2	1.80722891566265	51.2048192771084	29.5180722891566	1.20481927710843	0.602409638554217	15.6626506024096
NM_001260374.2	3.38915470494418	48.3253588516746	33.2137161084529	0.87719298245614	0	14.1945773524721
NM_001260388.1	3.13965341488277	55.4943934760448	27.6418620455318	0.458715596330275	0	13.2653754672103
NM_001260438.2	8.27102803738318	21.6440101954121	35.9515717926933	3.23279524214104	5.98555649957519	24.9150382327952
NM_001260453.1	1.71679197994987	42.1616541353384	41.7481203007519	0.595238095238095	0	13.7781954887218
NM_001272894.1	5.74211740579339	39.3488849013074	28.7490387080236	0.602409638554217	0	25.5575493463215
NM_001272900.1	2.07644628099174	60.5785123966942	28.6260330578512	0.413223140495868	0	8.30578512396694
NM_001272903.1	2.36945060712326	18.1773181612157	51.7509959684153	4.47649037429328	2.87518786230588	20.3505570266466
NM_001272916.1	5.17857142857143	32.7976190476191	55.8928571428571	1.78571428571429	0	4.34523809523809
NM_001272918.1	1.53774464119292	35.8574091332712	21.6449207828518	1.35135135135135	3.93755824790308	35.6710158434296
NM_001272925.1	5.98515310856789	39.6071759975255	1.76306835756264	19.2700278379214	28.0853696257346	5.28920507268791
NM_001272939.2	3.72030479605558	26.1392499626475	28.7016285671597	1.24010159868519	0.72463768115942	39.4740773942925
NM_001272979.1	3.84615384615385	46.551724137931	27.9177718832891	0	0.961538461538462	20.7228116710875
NM_001273029.1	0	30.5422647527911	65.311004784689	0	0	4.14673046251994
NM_001273043.1	10.6199559794571	62.5030569821472	19.7481046710687	0.531914893617021	1.72413793103448	4.87282954267547
NM_001273129.1	4.06057945566286	35.4634391069861	26.3639784271918	6.67251975417032	3.1732095823404	24.2662736736486
NM_001273143.1	1.66666666666667	40.2700421940928	37.6708860759494	2.26582278481013	0	18.126582278481
NM_001273214.1	2.49119812226608	35.6075962872079	30.9185959671397	4.2035634268644	4.13954977061773	22.6394964259042
NM_001273254.1	0	81.9229920564872	14.3479699911739	0.485436893203883	0	3.24360105913504
NM_001273364.1	6.08479496047431	42.0377346837945	35.3808979743083	1.37181941699605	2.55527420948617	12.5694787549407
NM_001273365.1	4	66.3636363636364	20.1212121212121	0	2	7.51515151515152
NM_001273425.3	4.61828141047586	39.5617939061965	31.0065046217049	0	1.26326600479288	23.5501540568299
NM_001273443.3	14.5236703682057	20.5289304500292	58.0800701344243	0	0	6.86732904734074
NM_001273574.1	0.694444444444444	80.2127285513361	8.08720112517581	0	1.26582278481013	9.73980309423347
NM_001273575.1	1.5625	13.9423076923077	82.9326923076923	0	0	1.5625
NM_001273605.2	0	21.5257204416914	53.1780231618637	1.26582278481013	1.16482628602208	22.8656073256127
NM_001273612.2	0	19.8087431693989	37.7918529557874	1.5772478887233	3.09239940387481	37.7297565822156
NM_001273675.1	3.80464295411349	43.7483030138474	19.287944610372	0	0	33.1591094216671
NM_001273681.1	2.00660401320803	74.4602489204978	21.5265430530861	0	0	2.00660401320803
NM_001273688.2	0	25.3968253968254	26.1904761904762	8.73015873015873	2.38095238095238	37.3015873015873
NM_001273716.1	0	70	22.9749103942652	0	0	7.02508960573477
NM_001273789.1	1.2157382847038	37.6215738284704	57.0070733863837	1.2157382847038	1.2157382847038	1.72413793103448
NM_001273809.1	3.47597285694502	46.5932696302451	22.9677330009694	0	1.14942528735632	25.8135992244841
NM_001273835.1	2.41935483870968	23.1137233460908	36.4270092946966	0.847457627118644	4.15527610716238	33.037178786222
NM_001273852.1	21.9551282051282	45.5982905982906	26.8162393162393	0	0.769230769230769	4.86111111111111
NM_001273871.2	5.71590265987549	32.7249575551783	25.1839275608376	4.17374080362196	2.56083757781551	29.6406338426712
NM_001273954.1	0.819672131147541	47.7430945430047	37.3456097013249	3.00920727599371	0	11.0824163485291
NM_001274004.1	0	29.0938686923494	41.1665762344004	0.526315789473684	0.515463917525773	28.6977753662507
NM_001274011.2	5.05712109672506	47.5476009139375	28.5910129474486	2.8027418126428	0.99009900990099	15.011424219345
NM_001274112.1	0	82.1367521367521	7.00854700854701	0	1.28205128205128	9.57264957264957
NM_001274208.2	7.81633906633907	40.2641277641278	15.8476658476658	8.81449631449631	5.43611793611794	21.8212530712531
NM_001274269.1	2.58771929824561	49.4736842105263	36.7543859649123	0	0	11.1842105263158
NM_001274283.2	1.19047619047619	43.4378629500581	30.0522648083624	0	1.21951219512195	24.0998838559814
NM_001274454.1	9.55882352941176	61.7647058823529	0.735294117647059	0	12.5	15.4411764705882
NM_001274480.1	2.47858017135863	57.3133414932681	12.0869033047736	4.80416156670747	17.0440636474908	6.27294981640147
NM_001274511.1	5.1150895140665	24.8081841432225	37.9795396419437	6.58567774936061	1.08695652173913	24.4245524296675
NM_001274689.1	3.03030303030303	45.4545454545455	15.1515151515152	0	6.06060606060606	30.3030303030303
NM_001274807.1	15.0936329588015	47.0337078651685	29.2734082397004	0	0	8.59925093632959
NM_001274827.1	2.60088272383354	51.9073139974779	31.2421185372005	0.819672131147541	1.781210592686	11.6488020176545
NM_001274885.1	0.537634408602151	55.8755760368664	27.0161290322581	2.1505376344086	0.537634408602151	13.8824884792627
NM_001274907.1	5.10204081632653	24.2857142857143	49.5918367346939	1.42857142857143	0	19.5918367346939
NM_001274988.1	1.7257089725709	35.5471873547187	40.1097164109716	1.7257089725709	1.50348675034868	19.3881915388192
NM_001275037.2	9.52921157118548	32.1327283040272	33.3522404991492	2.32558139534884	1.16279069767442	21.4974475326149
NM_001275088.1	6.23781676413255	46.9298245614035	25.1461988304094	4.43469785575049	3.60623781676413	13.64522417154
NM_001275100.1	6.54761904761905	28.3730158730159	33.3333333333333	1.19047619047619	2.57936507936508	27.9761904761905
NM_001275103.1	11.3035892323031	40.3040877367896	9.49651046859422	14.531405782652	21.3110667996012	3.05333998005982
NM_001275262.1	11.5905631659056	40.4566210045662	12.1461187214612	17.3668188736682	11.8493150684932	6.59056316590563
NM_001275297.1	10.959701840205	17.8954111344048	65.699976706266	0.617283950617284	0	4.82762636850687
NM_001275461.2	4.02752139620742	32.6480953180064	10.6016110085585	23.1834200369189	24.9454606477597	4.59389159254908
NM_001275472.1	2.75	17.6944444444444	47.5555555555556	2.75	0	29.25
NM_001275475.1	4.65367965367965	50.9199134199134	19.2099567099567	0	1.35281385281385	23.8636363636364
NM_001275482.1	6.29251700680272	25.8503401360544	18.8775510204082	1.19047619047619	1.19047619047619	46.5986394557823
NM_001275501.1	4.15596919127086	40.2037869062901	43.2926829268293	1.57252888318357	1.59659820282413	9.17843388960205
NM_001275530.1	2.00410544511668	24.8595505617978	48.757562662057	1.60436473638721	1.52333621434745	21.2510803802939
NM_001275546.1	22.2501571338781	31.7096165933375	32.4952859836581	0	0	13.5449402891263
NM_001275657.1	2.61561518698259	88.8488438481302	6.88338566942621	1.24892948900942	0.403225806451613	0
NM_001275669.1	3.24618096357227	32.3883666274971	61.3836662749706	1.21915393654524	0.675675675675676	1.08695652173913
NM_001275760.1	2.94990723562152	39.721706864564	38.1447124304267	0	0.909090909090909	18.2745825602968
NM_001275780.1	0.649350649350649	36.6285030758715	56.1688311688312	2.62303485987696	0	3.93028024606972
NM_001275821.1	0.87719298245614	68.1966544267646	2.9171766625867	0	5.54875560995512	22.4602203182375
NM_001275868.1	10.4051273935749	41.7708498180092	2.38961861053964	19.6866592815319	23.6350688400063	2.11267605633803
NM_001275979.1	2.92913608130999	50.2329192546584	30.7876905702993	1.19282891022021	0.543478260869565	14.3139469226426
NM_001276001.1	8.63121185701831	40.8238884045336	29.664341761116	0	0	20.8805579773322
NM_001276025.1	3.28425321812731	57.2694410156939	13.6219361664609	7.03138776229942	9.87039322870746	8.92258860871098
NM_001276121.1	0	73.5431235431235	13.2284382284382	1.28205128205128	1.28205128205128	10.6643356643357
NM_001276137.1	5.75549450549451	67.7747252747253	2.55494505494505	7.29395604395604	11.7582417582418	4.86263736263736
NM_001276178.1	0	36.5151515151515	44.3939393939394	0.757575757575758	0	18.3333333333333
NM_001276195.1	1.92577030812325	33.7535014005602	55.1470588235294	0.735294117647059	0	8.43837535014006
NM_001276210.1	1.16279069767442	96.1592670894997	2.67794221282593	0	0	0
NM_001297786.2	5.34552845528455	51.8394308943089	34.5630081300813	1.64634146341463	0.833333333333333	5.77235772357724
NM_001298618.1	1.64998146088246	57.3785687801261	33.1479421579533	0	0	7.82350760103819
NM_001298659.1	6.22578145182123	80.8124515629036	11.8186515112374	0	0.632911392405063	0.510204081632653
NM_001298713.1	1.91857323004864	58.9173121960007	26.8420104485678	2.46802377949919	0	9.85408034588363
NM_001298741.1	9.76851851851852	45.1388888888889	18.3333333333333	6.75925925925926	7.73148148148148	12.2685185185185
NM_001298805.1	9.49308755760369	55.4377880184332	16.4516129032258	4.65437788018433	1.61290322580645	12.3502304147465
NM_001298824.1	2.2491112934099	34.9056603773585	48.8241728192507	1.03910308996445	0.676784249384742	12.3051681706317
NM_001298831.1	1.25942684766214	55.0301659125189	26.0897435897436	3.77828054298643	1.01432880844646	12.8280542986425
NM_001298958.1	0	65.2221254355401	31.4459930313589	2.4390243902439	0	0.892857142857143
NM_001298979.1	0	64.7255969836615	20.2241307080017	1.2987012987013	0.806451612903226	12.9451193967323
NM_001298998.1	0	21.5250965250965	45.7046332046332	4.48841698841699	3.13706563706564	25.1447876447876
NM_001299047.1	8.64137086903305	37.1052631578947	27.0869033047736	0.526315789473684	1.10771113831089	25.5324357405141
NM_001299071.1	1.28205128205128	75.7901013714967	12.2242098986285	1.16279069767442	0	9.54084675014908
NM_001299115.1	0	29.0538033395176	61.4100185528757	1.81818181818182	0.909090909090909	6.80890538033395
NM_001299161.1	2.10795273075695	58.7352283615458	25.2368785265623	0.495049504950495	0.99009900990099	12.4347918662834
NM_001299217.1	6.43939393939394	43.3712121212121	41.2878787878788	0	0	8.90151515151515
NM_001299240.1	2.77824978759558	86.1724723874257	10.1274426508071	0.467289719626168	0.454545454545455	0
NM_001299319.1	4.17391304347826	60.2608695652174	25.2173913043478	2	0	8.34782608695652
NM_001299424.1	8.33659491193738	41.3502935420744	29.3835616438356	0	0	20.9295499021526
NM_001299439.1	2.5924289291501	49.9263514508764	18.0954485196642	1.0752688172043	0	28.310502283105
NM_001299440.1	0	11.6109101868596	32.08257986739	3.05153707052441	1.22814948764316	52.0268233875829
NM_001299485.1	5.0385766021099	42.3870256652496	44.3316013226264	0.684931506849315	1.25964415052748	6.29822075263738
NM_001299486.1	0	89.7486772486772	9.65608465608465	0	0	0.595238095238095
NM_001299498.1	1.38888888888889	28.8660862354892	37.4067164179104	2.77777777777778	1.38888888888889	28.1716417910448
NM_001299530.1	1.996336996337	25.8241758241758	40.2197802197802	2.78388278388278	0.714285714285714	28.4615384615385
NM_001299537.1	1.28390306531857	63.8099823463328	18.4240089873215	0	0	16.4821056010271
NM_001299597.1	9.26339285714286	52.6785714285714	31.4732142857143	1.5625	0.892857142857143	4.12946428571429
NM_001299609.1	4.46084724005135	56.9961489088575	33.4724005134788	0.657894736842105	0	4.41270860077022
NM_001299678.1	3.70526315789474	35.3684210526316	17.6	0.8	0.8	41.7263157894737
NM_001299906.1	2.66714082503556	23.1744902797534	43.9900426742532	2.66714082503556	0.900900900900901	26.6002844950213
NM_001299968.1	12.6716247139588	58.2951945080091	23.5697940503432	0.543478260869565	1.31578947368421	3.60411899313501
NM_001300229.1	2.56533589866923	48.7814654481321	34.1350008016675	2.56533589866923	0	11.952861952862
NM_001300400.1	8.63394441159078	36.1250739207569	26.175340035482	0	1.78149024246008	27.2841513897102
NM_001300404.1	2.05061648280337	31.3238157040883	46.1161583387411	2.79688513951979	0.807916937053861	16.9046073977936
NM_001300482.1	2.75	32.5833333333333	31.5416666666667	2.375	0.666666666666667	30.0833333333333
NM_001300514.1	2.47524752475248	17.9195697347513	41.1685613005745	1.98019801980198	2.10243246546877	34.353990954651
NM_001300576.1	3.91954022988506	38.1034482758621	50.1379310344828	2.58620689655172	0	5.25287356321839
NM_001300695.1	3.80022962112514	28.8404133180253	44.6498277841561	0.746268656716418	1.53846153846154	20.4247990815155
NM_001316397.1	2.5	33.6655405405405	53.5304054054054	2.60135135135135	0.625	7.0777027027027
NM_001316407.1	3.52443609022556	43.4367167919799	30.0908521303258	11.4818295739348	1.75438596491228	9.71177944862155
NM_001316420.1	1.0989010989011	49.6263736263736	33.9340659340659	1.0989010989011	1.76556776556777	12.4761904761905
NM_001316497.1	1.16605616605617	57.008547008547	29.2979242979243	1.58730158730159	2.71672771672772	8.22344322344322
NM_001363930.1	4.19079794079794	43.3236808236808	34.2181467181467	1.52831402831403	0.595238095238095	16.1438223938224
NM_001369953.1	4.91307634164777	51.0582010582011	15.6651549508692	3.98715041572184	1.02040816326531	23.3560090702948
NM_001370032.1	1.5	89.5	7.66666666666667	0	0.666666666666667	0.666666666666667
NM_001370048.1	10.9332238642583	33.1143951833607	36.2205801860974	0.793650793650794	0	18.9381499726327
NM_001382024.1	11.3636363636364	57.5757575757576	12.5252525252525	6.16161616161616	6.56565656565657	5.80808080808081
NM_001382035.1	1.28205128205128	47.8185993111366	32.6540375047838	2.13356295445848	0	16.1117489475698
NM_057219.4	2.63306110954661	44.2410588566601	25.147845677274	4.67473950999718	7.11067304984511	16.192621796677
NM_057269.3	3.1046623279633	47.6048223621039	26.0375546783314	2.06977488530887	0.549450549450549	20.633735196842
NM_057270.5	0	64.6306818181818	20.3125	0	0	15.0568181818182
NM_057304.5	4.70670881629786	29.8120828942747	10.6515630488233	29.0832455216017	19.801545486477	5.94485423252546
NM_057349.7	3.33951762523191	29.8701298701299	35.4359925788497	0.649350649350649	0.649350649350649	30.0556586270872
NM_057376.3	0.625	20.6587837837838	74.8648648648649	0.625	0	3.22635135135135
NM_057398.4	3.69777628032345	27.1984501347709	38.536051212938	0	0.943396226415094	29.6243261455526
NM_057424.4	11.6883116883117	44.1558441558442	4.48926073926074	16.1213786213786	19.6053946053946	3.93981018981019
NM_057453.5	3.17460317460317	40.4761904761905	30.6547619047619	9.72222222222222	3.86904761904762	12.1031746031746
NM_057466.2	0.806451612903226	49.8576850094877	37.8083491461101	0.806451612903226	2.94117647058824	7.77988614800759
NM_057502.5	1.61290322580645	28.8786482334869	17.9339477726574	0	1.19047619047619	50.384024577573
NM_057585.3	1.89933523266857	67.8893637226971	25.1543209876543	2.51661918328585	0.308641975308642	2.23171889838556
NM_057600.6	2.05555555555556	39.4444444444444	38.7777777777778	4.77777777777778	0	14.9444444444444
NM_057733.4	1.5625	65.3125	22.1875	2.5	0	8.4375
NM_057769.4	5.59163059163059	53.8239538239538	17.2490208204494	6.59657802514945	5.07627293341579	11.6625438054009
NM_057819.4	3.31441680753441	60.4201883602994	19.6570876599855	0.609756097560976	0.99009900990099	15.0084520647187
NM_057845.5	0.862068965517241	62.7298850574713	30.4310344827586	0.862068965517241	0	5.11494252873563
NM_057893.5	0.847457627118644	65.009778357236	17.9758800521512	3.73207301173403	2.88461538461538	9.55019556714472
NM_057917.4	1.62337662337662	10.8441558441558	85.7142857142857	0.909090909090909	0	0.909090909090909
NM_057957.5	4.12296564195298	31.1482820976492	50.7052441229656	0.632911392405063	0	13.3905967450271
NM_058003.4	5.55222088835534	15.9663865546218	69.9879951980792	0	0	8.49339735894358
NM_058027.5	12.1632597806958	33.762014349533	32.638418843915	7.58765398673345	1.16420739136321	12.6844456477596
NM_058045.4	0	97.7388211382114	1.04166666666667	0	1.21951219512195	0
NM_058057.6	2.4214130096483	41.3787737317149	15.4403983815749	5.11360099595394	7.1864301276066	28.4593837535014
NM_058068.4	0.746268656716418	15.0861079219288	37.1412169919633	0.746268656716418	0	46.2801377726751
NM_058087.5	2.74926686217009	89.0029325513196	6.57380254154448	0	0.568181818181818	1.10581622678397
NM_078747.3	2.76244733250252	30.7756216248294	59.4356418016735	0.813008130081301	0	6.2132811109133
NM_078775.3	1.63934426229508	44.8903555460932	26.7511177347243	0.649350649350649	0.649350649350649	25.4204811581861
NM_078799.3	1.5625	31.1356707317073	42.6067073170732	1.5625	0	23.1326219512195
NM_078835.3	1.37990102778835	40.1027788351732	31.6806242862581	0.675675675675676	1.35135135135135	24.8096688237533
NM_078838.3	5.20186335403727	32.360248447205	16.1801242236025	1.25776397515528	3.05900621118012	41.9409937888199
NM_078891.3	0	44.451871657754	42.8475935828877	0	1.13636363636364	11.5641711229947
NM_078902.3	0	33.0434782608696	46.0869565217391	6.52173913043478	0	14.3478260869565
NM_078937.4	2.4092970521542	62.2874149659864	16.2131519274376	1.38888888888889	0	17.7012471655329
NM_078989.3	2.12462517369999	43.2567834418196	28.6221019527536	2.53784831419586	0.413223140495868	23.045417977035
NM_079002.3	1.97227265225285	48.3990757550751	45.1642185179072	0	0	4.46443307476481
NM_079043.3	0.684931506849315	90.303680475326	4.46443307476481	0.602409638554217	2.05479452054794	1.88975078395775
NM_079062.3	4.62860310421286	47.1175166297118	20.149667405765	1.21951219512195	1.13636363636364	25.7483370288248
NM_079071.3	5.82881906825569	56.6955579631636	5.2546045503792	9.41495124593716	22.1018418201517	0.704225352112676
NM_079073.3	0	72.5297619047619	15.8630952380952	0.595238095238095	0	11.0119047619048
NM_079109.3	7.03227931488801	16.6501976284585	32.2628458498024	2.58563899868248	0	41.4690382081686
NM_079152.4	4.44174757281553	22.4838187702265	3.53964401294498	23.8066343042071	42.0509708737864	3.67718446601942
NM_079159.3	0	60.8766233766234	9.30735930735931	17.5324675324675	6.76406926406926	5.51948051948052
NM_079178.3	7.10470085470086	24.1666666666667	38.6004273504274	3.51495726495727	3.66452991452991	22.9487179487179
NM_079253.4	2.27272727272727	30.6818181818182	67.0454545454545	0	0	0
NM_079259.4	9.19117647058824	21.9852941176471	18.8235294117647	2.5	2.5	45
NM_079273.3	2.84900284900285	48.005698005698	2.81339031339031	27.3504273504274	17.0940170940171	1.88746438746439
NM_079347.3	3.16558441558442	14.3993506493506	23.0194805194805	1.80194805194805	0.909090909090909	56.7045454545455
NM_079350.5	2.17391304347826	70.2341137123746	15.5518394648829	0	0	12.0401337792642
NM_079355.3	5.12067840834964	36.76614481409	30.5446836268754	4.52544031311155	2.65003261578604	20.3930202217873
NM_079363.5	3.22145061728395	40.5864197530864	23.3796296296296	0.520833333333333	0	32.2916666666667
NM_079383.3	0.714285714285714	29.6428571428571	34.906015037594	3.40225563909774	0	31.3345864661654
NM_079412.4	6.27090301003344	58.5702341137124	26.2541806020067	0	1.08695652173913	7.81772575250836
NM_079441.4	1	26.2692307692308	62.8846153846154	0	0	9.84615384615385
NM_079447.4	3.94237212419031	58.6181222544859	23.281959645596	0.45045045045045	0	13.7070955252773
NM_079535.3	0.609756097560976	70.7175269427113	22.7169597277368	0	0.609756097560976	5.34600113442995
NM_079537.4	3.57142857142857	61.2044817927171	24.7899159663866	1.96078431372549	0	8.4733893557423
NM_079549.3	2.93539325842697	23.9887640449438	65.5828651685393	2.31039325842697	0	5.18258426966292
NM_079568.3	0.529100529100529	23.2732732732733	31.8532818532819	0.540540540540541	0	43.8038038038038
NM_079578.3	0.883995037220844	42.2766749379653	25.6358560794045	2.01612903225806	0.806451612903226	28.3808933002481
NM_079600.3	6.51260504201681	66.9117647058823	7.98319327731092	0	6.82773109243697	11.7647058823529
NM_079632.6	11.7946746130924	46.9960588291839	5.9021436124195	12.7655483995001	16.6586561568778	5.88291838892627
NM_079645.4	1.66666666666667	46.324200913242	35.6050228310502	0	1.36986301369863	15.0342465753425
NM_079654.3	7.66018619934283	36.9249726177437	37.2877875136911	0	0	18.1270536692223
NM_079659.4	2.73526077097506	76.5589569160998	11.7630385487528	1.38888888888889	0	7.55385487528345
NM_079679.3	0	39.6969696969697	49.0909090909091	1.11111111111111	0	10.1010101010101
NM_079719.3	3.73931623931624	41.3354700854701	10.6944444444444	15.6196581196581	20.8012820512821	7.80982905982906
NM_079737.3	2.87925696594427	23.5603715170279	55.6037151702786	2.29102167182663	1.11455108359133	14.5510835913313
NM_079746.6	7.44047619047619	11.9047619047619	33.9285714285714	2.08333333333333	8.03571428571428	36.6071428571429
NM_079754.4	4.67105263157895	42.9166666666667	30.219298245614	2.10526315789474	2.54385964912281	17.5438596491228
NM_079785.4	1.21951219512195	31.5089626799882	21.8557155451073	12.0922715251249	12.7093740816926	20.614163972965
NM_079795.3	3.94950960988697	66.5479174913137	21.0427936843031	0.34965034965035	0	8.11012886484585
NM_079798.3	13.987871967992	62.0405101275319	3.71342835708927	15.847711927982	3.82908227056764	0.581395348837209
NM_079823.4	6.5794499618029	56.340718105424	5.62452253628724	12.5477463712758	16.1382734912147	2.76928953399542
NM_079853.4	4.90196078431372	28.4926470588235	31.3112745098039	3.92156862745098	0	31.3725490196078
NM_080027.6	1.69491525423729	30.0694302634266	59.669185215438	1.20481927710843	0	7.36164998978967
NM_080063.4	2.24771873322598	20.7461084272678	69.4981213097155	4.6430488459474	0.617283950617284	2.24771873322598
NM_080070.4	6.82320997586484	37.4597747385358	32.0293644408689	0	1.13636363636364	22.5512872083669
NM_080081.3	0	45.5792682926829	35.2896341463415	4.34451219512195	0	14.7865853658537
NM_080091.4	2.41935483870968	81.1389071757735	3.65371955233706	1.82685977616853	4.88808426596445	6.07307439104674
NM_080359.4	4.07995618838992	76.1226725082147	11.3453815261044	0	0	8.45198977729098
NM_080362.4	0.505050505050505	57.8643578643579	23.9044581149844	0.75187969924812	0	16.9742538163591
NM_080376.2	7.25442638855202	22.2459374242057	44.2250788260975	0.32258064516129	0.967741935483871	24.9842347804996
NM_134670.3	3.92156862745098	65.3725490196078	17.8039215686275	0	0	12.9019607843137
NM_134683.2	2.66261286161784	73.7976782752902	18.3296480560162	0	0	5.21006080707573
NM_134774.3	3.59848484848485	70.8333333333333	16.8560606060606	1.51515151515152	0	7.1969696969697
NM_134817.3	0	90.5	5	0	0	4.5
NM_134862.4	3.45596432552954	51.7279821627648	30.7971014492754	0	1.28205128205128	12.736900780379
NM_134904.3	7.83511043412033	40.0085681645088	11.2433358720487	24.8191165270373	12.1905940594059	3.9032749428789
NM_135190.5	8.13884448504225	37.4537565654259	36.4603790819822	1.02078100022836	0.993377483443709	15.9328613838776
NM_135348.3	2.59943181818182	40.0568181818182	35.2272727272727	0	1.69034090909091	20.4261363636364
NM_135414.3	10.2380952380952	26.7857142857143	51.3571428571429	1.45238095238095	0.476190476190476	9.69047619047619
NM_135463.3	1.17593984962406	45.2601503759398	37.9007518796992	0.77593984962406	0.8	14.0872180451128
NM_135652.3	1.05199383124036	31.9894249834765	34.70478078872	0.490196078431373	1.54218990967173	30.22141440846
NM_135957.5	1.16279069767442	27.3611770289511	38.2771713336497	2.18319886093972	1.02040816326531	29.9952539155197
NM_135990.3	1.17998101179981	23.6403092364031	34.5992133459921	0	1.17998101179981	39.4005153940052
NM_136052.3	2.79322548028311	70.8670374115268	16.7972699696663	1.12487360970677	1.66835187057634	6.74924165824065
NM_136373.4	1.62459093034128	72.9604955586723	16.7776998597475	0.543478260869565	1.0752688172043	7.01846657316503
NM_136398.4	3.27781715095677	40.4677533664068	45.8185683912119	0.980392156862745	0.490196078431373	8.9652728561304
NM_136420.4	4.26149040606872	21.954484605087	4.90852298081214	28.7594823739402	37.6617581436859	2.45426149040607
NM_136621.4	0	50.2058629776021	33.6133069828722	2.27272727272727	2.01745718050066	11.8906455862978
NM_136754.5	0.891874901775892	57.4807480748075	22.4972497249725	2.57740059720258	0	16.5527267012416
NM_136839.3	0.657894736842105	89.7609340252039	8.92327650111193	0.657894736842105	0	0
NM_137096.3	4.05761924862811	55.134022794428	18.8317855635289	1.02891515407345	1.02891515407345	19.918742085268
NM_137189.3	3.0640243902439	21.6158536585366	37.6371951219512	3.07926829268293	0.625	33.9786585365854
NM_137345.3	5.22727272727273	54.5454545454545	15.4545454545455	0	0	24.7727272727273
NM_137350.4	1.25	92.8630363036304	5.47029702970297	0	0	0.416666666666667
NM_137428.3	1.19047619047619	65.266106442577	32.3529411764706	0	0	1.19047619047619
NM_137480.4	1.46031746031746	94.952380952381	2.12698412698413	0	0.793650793650794	0.666666666666667
NM_137630.4	1.21951219512195	48.4218077474892	37.661406025825	1.21951219512195	0	11.4777618364419
NM_137700.4	3.31102079847	43.2165909634234	20.6908917045183	1.12359550561798	1.62562754004303	30.0322734879273
NM_137817.3	2.76733500417711	74.8224728487886	15.4239766081871	0.657894736842105	0	6.32832080200501
NM_138060.3	1.42857142857143	75.5357142857143	21.7857142857143	0	0	1.25
NM_138141.3	0.72463768115942	48.862594019446	44.8908457163823	1.44927536231884	0.72463768115942	3.34800953953403
NM_138144.3	14.3366437484085	37.1254562431033	12.7111450640862	15.628978864273	18.5680332739156	1.62974280621339
NM_138194.3	4.44444444444444	64.6031746031746	24.047619047619	0	0	6.90476190476191
NM_138199.3	5.3873604236215	43.0285356151593	44.4557427232689	1.37178158934807	0.684931506849315	5.0716481417529
NM_138238.3	1.19047619047619	87.7289377289377	4.85347985347985	0	1.28205128205128	4.94505494505495
NM_138259.3	12.0644599303136	31.9396051103368	42.116724738676	3.034262485482	1.81475029036005	9.03019744483159
NM_139427.4	2.63278126784694	48.6693318103941	34.8429468874929	2.0445459737293	0.485436893203883	11.324957167333
NM_139468.2	3.56659905341447	17.0892494929006	61.0378634212306	1.72413793103448	0.980392156862745	15.6017579445571
NM_139579.3	3.71853546910755	25.2860411899313	42.3913043478261	1.08695652173913	1.08695652173913	26.4302059496568
NM_139603.3	1.96536796536797	51.4285714285714	20.969696969697	1.98268398268398	0.649350649350649	23.004329004329
NM_139620.2	5.65853658536585	41.7317073170732	35.2926829268293	0	0	17.3170731707317
NM_140155.4	1.35135135135135	38.0349099099099	22.9448198198198	1.35135135135135	0	36.3175675675676
NM_140172.2	2.01921366304928	56.6536203522505	26.00071161715	3.38907667674791	2.5974025974026	9.33997509339975
NM_140511.4	16.8871252204586	31.8606701940035	0	31.1463844797178	20.1058201058201	0
NM_140544.2	4.20677361853832	67.620320855615	16.3992869875223	0.588235294117647	0.588235294117647	10.5971479500891
NM_140767.2	1.69491525423729	19.5261155309581	28.8654444828779	4.41023867173988	5.08474576271187	40.4185402974749
NM_140882.3	3.0713640469738	55.1942186088528	27.0099367660343	11.6531165311653	1.85185185185185	1.21951219512195
NM_140987.3	0	57.9473684210526	22.1578947368421	5.87719298245614	0	14.0175438596491
NM_140991.3	0	28.8541666666667	25.8333333333333	1.66666666666667	3.125	40.5208333333333
NM_141155.4	0	22.7173913043478	65.7608695652174	0	2.5	9.02173913043478
NM_141190.3	1.3986013986014	41.8997668997669	43.4731934731935	4.95337995337995	1.28205128205128	6.99300699300699
NM_141248.4	8.46188747731397	34.3466424682396	36.2371445856019	1.23260738052027	2.54839685420448	17.1733212341198
NM_141778.2	2.10338680926916	71.2388591800356	21.2745098039216	0	0	5.38324420677362
NM_141885.3	3.83333333333333	58.1666666666667	23.9583333333333	0	0	14.0416666666667
NM_141906.4	1.11111111111111	23.7992831541219	54.910394265233	4.33691756272401	0	15.84229390681
NM_141946.3	3.6344537815126	25.3991596638655	42.0378151260504	6.51260504201681	2.16386554621849	20.2521008403361
NM_142030.4	2.97619047619048	66.3690476190476	16.6666666666667	2.38095238095238	0	11.6071428571429
NM_142069.4	7.27272727272727	41.4545454545455	34.1818181818182	17.0909090909091	0	0
NM_142165.3	1.05274822695035	96.2987588652482	2.1165780141844	0	0.531914893617021	0
NM_142271.3	1.68539325842697	49.9806276636962	32.4228335270567	0	0	15.9111455508201
NM_142327.3	1.63047506114281	48.1101311791299	40.9990365374639	2.42718446601942	0	6.83317275624398
NM_142465.2	0.515463917525773	27.3543380053284	36.5805629560987	1.54639175257732	2.20085717595274	31.8023861925171
NM_142493.3	0	41.9704433497537	43.3990147783251	0	0.862068965517241	13.7684729064039
NM_142562.3	1.7921146953405	90.6474014336918	7.21326164874552	0	0.347222222222222	0
NM_142585.3	1.45631067961165	32.616111256888	58.4754657570192	1.35135135135135	0.675675675675676	5.42508527945421
NM_142859.3	2.02020202020202	46.4646464646465	21.2121212121212	3.53535353535354	5.55555555555556	21.2121212121212
NM_143012.3	4.25259671835014	56.367604997742	14.2706608460033	3.01821466205028	1.0989010989011	20.9920216769532
NM_143014.3	3.36700336700337	18.3501683501683	70.7912457912458	0.757575757575758	0.757575757575758	5.97643097643098
NM_143213.4	0.833333333333333	55.5779569892473	17.3521505376344	2.98387096774194	1.66666666666667	21.5860215053763
NM_143224.4	4.19022281343532	59.8478550049884	27.1117392750249	1.83737944795477	0	7.01280345859661
NM_143286.3	2.46478873239437	72.100689241834	14.1319548496654	1.4134452102687	3.53111577265009	6.35800619318749
NM_143344.3	6.66715456674473	31.5720140515222	23.1191451990632	7.70638173302108	13.3635831381733	17.5717213114754
NM_143387.2	0	57.844387755102	31.8877551020408	1.02040816326531	0	9.24744897959184
NM_143437.3	0.714285714285714	28.7991718426501	48.8819875776397	2.16356107660455	0.714285714285714	18.7267080745342
NM_143729.3	6.22823984526112	47.6595744680851	16.9825918762089	0	0	29.1295938104449
NM_143743.3	3.72280419016922	94.9073327961322	1.36986301369863	0	0	0
NM_143761.4	0	61.4501176145012	25.169503251695	0.505050505050505	0.505050505050505	12.3702781237028
NM_143815.4	0	36.9791666666667	58.8541666666667	2.08333333333333	0	2.08333333333333
NM_143995.4	0.769230769230769	19.6326061997704	46.3490241102181	0.746268656716418	0.769230769230769	31.7336394948335
