gene	unassigned	nucleosome	unbound	PIC	PIC.polII	polII
NM_001001880.2	0	14.8965517241379	81.6551724137931	1.72413793103448	0	1.72413793103448
NM_001003919.1	5.29122231337162	7.83429040196883	73.6054142739951	1.08695652173913	0.943396226415094	11.2387202625103
NM_001004140.2	0.847457627118644	84.4941737288136	11.4009533898305	0	0	3.25741525423729
NM_001004191.3	0	25.7603131586871	71.996386630533	2.24330021077989	0	0
NM_001007567.2	0	13.7089201877934	77.433489827856	3.22378716744914	0	5.63380281690141
NM_001007571.2	6.32558139534884	11.2635658914729	72.6511627906977	9.37209302325581	0	0.387596899224806
NM_001009935.2	2.66139657444005	29.4532279314888	16.0276679841897	44.7167325428195	6.1133069828722	1.02766798418972
NM_001012273.1	0	4.08163265306122	87.8571428571429	1.02040816326531	0	7.04081632653061
NM_001012309.2	3.68551976957319	28.299293008641	65.6454569258968	0	0	2.36973029588898
NM_001024526.2	0	15.1315789473684	78.0701754385965	4.16666666666667	0	2.63157894736842
NM_001024910.3	0	7.14285714285714	85.0707850707851	6.43500643500644	1.35135135135135	0
NM_001025392.1	1.21951219512195	12.6558265582656	76.9105691056911	0	0	9.21409214092141
NM_001033170.4	5.21390374331551	65.5080213903743	25.5347593582888	1.47058823529412	0	2.27272727272727
NM_001033336.3	0	60.7142857142857	38.0952380952381	0	0	1.19047619047619
NM_001033352.3	1.5625	20.4769736842105	62.5	9.70394736842105	1.5625	4.19407894736842
NM_001033355.3	3.94844517184943	67.2872340425532	28.7643207855974	0	0	0
NM_001033908.1	0	27.6261737089202	70.6279342723005	1.04166666666667	0.704225352112676	0
NM_001034862.2	5.63180120188403	9.29835959070976	85.0698392074062	0	0	0
NM_001037725.3	2	15.3529411764706	77.6470588235294	5	0	0
NM_001037726.1	0	8.20271682340648	90.073145245559	0	0	1.72413793103448
NM_001037878.3	3.03030303030303	20.8470244614823	50.4563709382986	22.6542533771449	1.80722891566265	1.20481927710843
NM_001038608.2	3.125	33.6805555555556	60.0694444444444	0	0	3.125
NM_001039084.1	3.08441558441558	33.6038961038961	48.1331168831169	9.41558441558442	3.97727272727273	1.78571428571429
NM_001039129.4	4.08119658119658	30.0498575498575	47.6923076923077	8.7037037037037	2.07977207977208	7.39316239316239
NM_001039392.2	3.30284552845528	79.4715447154472	14.9644308943089	0	0	2.26117886178862
NM_001039483.1	7.92207792207792	28.8311688311688	61.8181818181818	0	0	1.42857142857143
NM_001039514.1	9.05797101449275	40.5495169082126	49.6678743961353	0	0.72463768115942	0
NM_001039519.2	1.97368421052632	10.7948442534909	81.5386680988185	2.69871106337272	1.31578947368421	1.67830290010741
NM_001039521.1	1.21951219512195	36.3039399624765	58.1144465290807	0	1.92307692307692	2.4390243902439
NM_001039551.1	0	31.2554489973845	62.8160418482999	5.92850915431561	0	0
NM_001039824.2	8.2711038961039	19.6915584415584	70.137987012987	1.25	0	0.649350649350649
NM_001039965.1	4.76190476190476	70.6349206349206	23.015873015873	0.793650793650794	0.793650793650794	0
NM_001040396.2	11.4543466375068	58.529250956807	30.0164024056862	0	0	0
NM_001042408.1	3.125	33.6805555555556	60.0694444444444	0	0	3.125
NM_001042484.1	16.5702101736217	5.10204081632653	58.2241851964666	19.3572951568687	0.746268656716418	0
NM_001047159.2	1.85185185185185	12.7777777777778	73.8888888888889	3.7037037037037	0	7.77777777777778
NM_001048061.1	2.08333333333333	71.3717228464419	6.93469101123596	7.13951310861423	8.57911985018727	3.89161985018727
NM_001048148.1	0	10.7142857142857	89.2857142857143	0	0	0
NM_001048192.2	5.94779632006846	50.5134788189987	34.9593495934959	8.57937526743688	0	0
NM_001077636.1	4.03225806451613	37.0967741935484	58.0645161290323	0.403225806451613	0	0.403225806451613
NM_001079908.2	6.52173913043478	18.0602006688963	71.0702341137124	2.17391304347826	0	2.17391304347826
NM_001080999.2	0.961538461538462	10.0961538461538	87.0192307692308	0	0	1.92307692307692
NM_001081001.2	18.9393939393939	48.4848484848485	32.5757575757576	0	0	0
NM_001081176.1	2.13260135135135	9.31165540540541	83.2981418918919	5.25760135135135	0	0
NM_001081188.1	9.73389355742297	32.4929971988796	56.3025210084034	1.47058823529412	0	0
NM_001081213.1	1.92307692307692	38.3547008547009	55.0213675213675	0	0	4.7008547008547
NM_001081240.3	17.5890410958904	61.4520547945205	20.958904109589	0	0	0
NM_001081259.1	1.38888888888889	0	97.2222222222222	1.38888888888889	0	0
NM_001081282.2	6.63265306122449	63.7755102040816	28.4013605442177	0	0	1.19047619047619
NM_001081429.1	3.6144578313253	37.4698795180723	54.6987951807229	0.602409638554217	0	3.6144578313253
NM_001081475.1	0	56.5441176470588	23.6519607843137	8.92156862745098	0	10.8823529411765
NM_001082548.1	6.60569105691057	62.9878048780488	23.0284552845528	1.21951219512195	4.10569105691057	2.05284552845528
NM_001083331.2	21.9155844155844	8.76623376623377	69.3181818181818	0	0	0
NM_001083922.1	0.480769230769231	13.5674706649283	72.2131681877445	13.3148631029987	0	0.423728813559322
NM_001102565.1	2.38095238095238	32.6839826839827	63.7987012987013	1.13636363636364	0	0
NM_001109745.1	2.77777777777778	3.84615384615385	75.3739316239316	15.4380341880342	0	2.56410256410256
NM_001109913.1	2.38095238095238	17.1897546897547	32.3773448773449	46.9516594516595	0	1.1002886002886
NM_001110499.1	3.03030303030303	15.4401154401154	76.1544011544012	4.61760461760462	0	0.757575757575758
NM_001113350.2	2.09441489361702	44.2154255319149	48.9583333333333	1.5625	3.16932624113475	0
NM_001113564.1	8.02469135802469	30.8641975308642	57.4074074074074	1.85185185185185	0	1.85185185185185
NM_001114085.1	0	36.4285714285714	63.5714285714286	0	0	0
NM_001114119.1	0	71.4015151515152	17.8030303030303	2.08333333333333	0	8.71212121212121
NM_001115085.1	1.19047619047619	11.7109634551495	62.4031007751938	24.6954595791805	0	0
NM_001122873.1	0	40.5654761904762	54.8809523809524	1.42857142857143	0	3.125
NM_001127233.1	9.6030096030096	27.3042273042273	53.6432036432036	3.999603999604	1.35135135135135	4.0986040986041
NM_001129787.1	0	23.4090909090909	64.7727272727273	4.54545454545455	0	7.27272727272727
NM_001130408.1	0.657894736842105	85.4385964912281	11.9298245614035	0	0	1.97368421052632
NM_001130457.1	2.47870409160732	13.2296466973886	75.8413629381371	2.29192850160592	0.649350649350649	5.50900712191035
NM_001130484.1	3.89805097451274	21.2143928035982	72.7136431784108	0	0	2.17391304347826
NM_001130485.1	3.89805097451274	21.2143928035982	72.7136431784108	0	0	2.17391304347826
NM_001134692.2	0	7.73809523809524	92.2619047619048	0	0	0
NM_001134767.1	24.5	22.5	17.5	33	2.5	0
NM_001141971.1	3.2258064516129	29.6633941093969	58.9761570827489	0	0	8.13464235624123
NM_001142937.2	0	47.1030436376971	50.4858819215255	2.41107444077741	0	0
NM_001146153.1	12.7645502645503	48.6772486772487	38.558201058201	0	0	0
NM_001146308.1	0.526315789473684	13.8421052631579	84.0526315789474	1.57894736842105	0	0
NM_001159375.1	3.95787139689579	25.3991130820399	65.3215077605321	0.609756097560976	0	4.71175166297118
NM_001159593.1	12.5	57.1428571428571	5	18.5714285714286	6.78571428571429	0
NM_001160181.1	4.65116279069767	7.11517165005537	85.8803986710963	1.19047619047619	0	1.16279069767442
NM_001160214.1	0	46.8453510436433	37.4525616698292	2.34819734345351	0	13.353889943074
NM_001160239.2	2.50602409638554	4.60843373493976	84.3614457831325	4.81325301204819	1.30120481927711	2.40963855421687
NM_001161419.1	4.47678703021371	20.3205600589536	73.2682387619749	0.543478260869565	0	1.39093588798821
NM_001161854.2	0	25.7142857142857	50.7142857142857	13.5714285714286	0	10
NM_001163447.1	3.23426573426573	24.6212121212121	68.9831002331002	1.71911421911422	0	1.44230769230769
NM_001163521.1	19.7152194211018	50.2941176470588	28.8141923436041	1.17647058823529	0	0
NM_001163701.1	0	4.81346483704974	92.1580188679245	1.13636363636364	0.568181818181818	1.32397084048027
NM_001164237.1	1.19047619047619	9.95440729483283	81.2816616008105	0	1.06382978723404	6.5096251266464
NM_001164581.1	0	7.07236842105263	92.9276315789474	0	0	0
NM_001164600.1	0	17.6508344030809	77.1822849807445	4.50898587933248	0	0.657894736842105
NM_001164625.1	3.06122448979592	75.3139717425432	18.6813186813187	2.94348508634223	0	0
NM_001164770.1	13.1766381766382	13.2478632478632	52.7777777777778	17.0940170940171	0	3.7037037037037
NM_001166406.1	10.2100840336134	43.4453781512605	39.2016806722689	2.85714285714286	0	4.28571428571429
NM_001166428.1	0.746268656716418	26.9835035349568	59.8062319979052	0	1.49253731343284	10.9714584969887
NM_001166482.1	10.2623101702715	33.8357109986194	15.9687068568799	37.1030832949839	2.83018867924528	0
NM_001167910.1	2.85714285714286	15.978835978836	80.4497354497355	0	0	0.714285714285714
NM_001167939.1	1.0752688172043	4.81011210249371	88.229238160604	4.27247769389156	0	1.61290322580645
NM_001168672.1	1.92307692307692	40.7993966817496	44.6266968325792	3.9027149321267	0.980392156862745	7.76772247360483
NM_001170953.1	10	22.2222222222222	56.6666666666667	11.1111111111111	0	0
NM_001170981.1	5.56118999323867	29.1413116970926	60.0574712643678	2.62001352265044	1.14942528735632	1.47058823529412
NM_001172074.1	5.61290322580645	7.61290322580645	86.7741935483871	0	0	0
NM_001172205.1	0	11.9225302061123	66.7555081734186	0	0	21.3219616204691
NM_001177621.1	2.30576441102757	24.0350877192982	72.0676691729323	0.714285714285714	0	0.87719298245614
NM_001177658.1	3.125	30	52.3557692307692	12.3076923076923	0.961538461538462	1.25
NM_001177707.1	0	28.1017369727047	67.8660049627792	4.03225806451613	0	0
NM_001190436.1	15.3481470758541	31.6770411117545	51.7696873190504	0	0	1.20512449334105
NM_001190474.1	2.24791132434445	35.0545950864422	60.1435189014807	0.96161799983456	0	1.59235668789809
NM_001199105.1	0.961538461538462	12.7437703141928	82.4485373781148	0	0	3.84615384615385
NM_001199188.1	3.03030303030303	10.3535353535354	70.7070707070707	0	0	15.9090909090909
NM_001199431.1	5.86297760210804	7.37812911725955	0	0	0	86.7588932806324
NM_001199484.1	3.89317889317889	86.4221364221364	3.73230373230373	0	2.38095238095238	3.57142857142857
NM_001199485.1	3.60576923076923	2.32371794871795	84.5352564102564	1.04166666666667	0	8.49358974358974
NM_001243584.1	0	43.1603318541385	54.0613544279375	0.704225352112676	0	2.07408836581131
NM_001252494.1	12.3461112083552	18.5527160277729	68.5935585506739	0.253807106598985	0	0.253807106598985
NM_001252625.1	0	16.1887141535615	79.5559666975023	3.19148936170213	0	1.06382978723404
NM_001253681.1	0	10.4679802955665	84.2980295566502	3.44827586206897	0	1.78571428571429
NM_001253705.1	2.17391304347826	45.3416149068323	41.6770186335404	3.26086956521739	1.08695652173913	6.45962732919255
NM_001253877.1	0	14.4678492239468	70.509977827051	6.98447893569845	4.54545454545455	3.49223946784922
NM_001254951.1	2.63157894736842	58.6381207255427	36.128456735058	2.60184359203092	0	0
NM_001271567.1	4.3055900621118	61.8981366459627	30.0645962732919	1.2	0	2.53167701863354
NM_001276704.1	6.04395604395604	39.7435897435897	42.5824175824176	3.06776556776557	4.8992673992674	3.66300366300366
NM_001278207.1	4.48717948717949	8.97435897435897	81.7307692307692	0	0	4.80769230769231
NM_001281974.1	0	15.8996683250415	81.1152570480929	1.49253731343284	0	1.49253731343284
NM_001282032.1	4.20064679415073	36.4665354330709	39.957114735658	12.6546681664792	1.33928571428571	5.38174915635546
NM_001282118.1	3.125	18.3035714285714	73.2142857142857	5.35714285714286	0	0
NM_001284359.1	2.74024024024024	10.960960960961	56.0435435435435	0	2.7027027027027	27.5525525525526
NM_001286663.1	2.70748299319728	19.8095238095238	58.2585034013605	17.2244897959184	1.33333333333333	0.666666666666667
NM_001288586.2	2	32.6666666666667	17.1428571428571	0	4	44.1904761904762
NM_001289437.1	14.1666666666667	10.8333333333333	67.9166666666667	0	0	7.08333333333333
NM_001289471.1	0	45.6354300385109	45.9777492511767	0	0	8.38682071031237
NM_001289630.1	0	5.82306830907055	94.1769316909295	0	0	0
NM_001289726.1	0	90.278917145201	6.89089417555373	0.943396226415094	1.88679245283019	0
NM_001289848.1	18.0645161290323	27.2903225806452	54.6451612903226	0	0	0
NM_001289859.1	0	27.9461279461279	70.2020202020202	0	0	1.85185185185185
NM_001290127.1	9.12618083670715	39.6761133603239	45.968286099865	0.657894736842105	1.97368421052632	2.59784075573549
NM_001290380.1	4.25768150095169	17.131559865857	60.6113477748573	11.2344783830327	1.53856611982235	5.22636635547902
NM_001290466.1	1.11693711023549	50.7740994694549	35.6613198473519	8.45769600694983	1.45667214793212	2.53327541807577
NM_001290530.1	4.94047619047619	35.2976190476191	45.4166666666667	6.13095238095238	2.5	5.71428571428571
NM_001290769.1	8.92758430071863	39.5936981757877	28.7866224433389	10.0331674958541	6.14980652294085	6.50912106135987
NM_001290808.1	1.21951219512195	44.8509485094851	38.7262872628726	7.10027100271003	1.21951219512195	6.88346883468835
NM_001290811.1	1.61290322580645	8.11827956989247	78.763440860215	0	0	11.505376344086
NM_001291068.1	2.77972027972028	15.8741258741259	31.9055944055944	15.9265734265734	7.43006993006993	26.0839160839161
NM_001293621.1	1.38888888888889	8.93393393393393	78.7725225225225	8.85885885885886	0	2.0457957957958
NM_001294322.1	2.63172901459854	21.8037180656934	69.8591468978102	1.51117700729927	0.755588503649635	3.4386405109489
NM_001294324.1	2.63172901459854	21.8037180656934	69.8591468978102	1.51117700729927	0.755588503649635	3.4386405109489
NM_001297606.1	0	34.1844919786096	53.3957219251337	0	0	12.4197860962567
NM_001301100.1	4.90196078431373	35.4166666666667	54.0616246498599	4.72689075630252	0.892857142857143	0
NM_001301176.1	7.0874861572536	19.905869324474	69.4352159468439	3.57142857142857	0	0
NM_001301284.1	0	82.4067829270643	10.6175932170729	0	2.94826091145582	4.02736294440698
NM_001301710.1	0	21.7857142857143	68.5714285714286	8.21428571428571	1.42857142857143	0
NM_001302382.1	3.01339285714286	23.5491071428571	60.6026785714286	9.59821428571428	2.00892857142857	1.22767857142857
NM_001302451.1	1.11111111111111	63.015873015873	21.984126984127	9.20634920634921	0.714285714285714	3.96825396825397
NM_001302457.1	1.11111111111111	63.015873015873	21.984126984127	9.20634920634921	0.714285714285714	3.96825396825397
NM_001304269.1	0	12.1112237998648	79.5005070993915	0.735294117647059	0.574712643678161	7.07826233941853
NM_001306178.1	2.05450733752621	4.10901467505241	83.2285115303983	8.38574423480084	0	2.22222222222222
NM_001308448.1	3.125	24.5471014492754	71.286231884058	0	0	1.04166666666667
NM_001309909.1	1.31578947368421	21.7105263157895	32.7302631578947	0	10.9649122807018	33.2785087719298
NM_001310502.1	1.76986301369863	9.13698630136986	88.7506849315068	0	0	0.342465753424658
NM_001310542.1	3.7037037037037	16.4983164983165	70.5387205387205	3.7037037037037	1.85185185185185	3.7037037037037
NM_001310548.1	5.2644942869234	15.5607278882776	56.9445619974609	12.3571730850614	0	9.87304274227677
NM_001310609.1	1.76263219741481	4.34782608695652	81.4042303172738	7.05052878965922	0	5.43478260869565
NM_001310612.1	7.5	23.75	53.1730769230769	5.86538461538462	2.30769230769231	7.40384615384615
NM_001310726.1	6.06060606060606	51.7316017316017	37.987012987013	3.03030303030303	1.19047619047619	0
NM_001311093.1	1.50535236396075	11.7528991971454	77.7096342551293	1.50535236396075	0	7.52676181980375
NM_001311120.1	1.96097006441834	32.1523304281925	65.8866995073892	0	0	0
NM_001313984.1	3.99794097460535	68.9773507206589	22.1859986273164	0	0	4.83870967741935
NM_001316751.1	9.2258064516129	22.4516129032258	49.4193548387097	18.9032258064516	0	0
NM_001316753.1	0	8.21234119782214	91.7876588021778	0	0	0
NM_001317217.1	5.92592592592593	27.5308641975309	64.8765432098765	1.11111111111111	0	0.555555555555556
NM_001320725.1	3.125	27.5735294117647	69.3014705882353	0	0	0
NM_001324510.1	8	18.8888888888889	67.5555555555556	0	0	5.55555555555556
NM_001324515.1	1.62306201550388	14.7286821705426	78.3187984496124	0	2.08333333333333	3.24612403100775
NM_001324556.1	0	2.5	84	0	5	8.5
NM_007393.5	1.25	22.4038461538462	53.3653846153846	3.84615384615385	0	19.1346153846154
NM_007450.4	11.144883485309	47.3404255319149	20.8459979736575	18.2877406281662	2.38095238095238	0
NM_007479.3	2.5	51.1111111111111	46.3888888888889	0	0	0
NM_007509.3	8.85642135642136	9.52380952380952	60.8405483405483	12.2655122655123	0.793650793650794	7.72005772005772
NM_007570.2	2.38095238095238	45.7087486157254	37.7906976744186	2.35326688815061	1.16279069767442	10.6035437430786
NM_007634.4	0	9.61538461538461	90.3846153846154	0	0	0
NM_007659.3	9.61290322580645	18.8387096774194	62.3225806451613	2	0	7.2258064516129
NM_007687.5	1.89180737961226	10.4909318323952	86.3977485928706	0	0	1.21951219512195
NM_007691.5	6.7842605156038	26.9722814498934	45.3091684434968	20.934289591006	0	0
NM_007705.2	10.7954545454545	65.1515151515152	17.4242424242424	4.54545454545455	0	2.08333333333333
NM_007711.3	0	7.17703349282297	77.701355661882	1.75438596491228	1.75438596491228	11.6128389154705
NM_007830.4	4.16666666666667	13.7533875338753	62.0934959349593	17.5474254742547	0	2.4390243902439
NM_007836.1	0	17.9032258064516	74.8118279569892	1.61290322580645	0	5.67204301075269
NM_007840.3	1.96078431372549	7.66806722689076	10.8893557422969	58.6834733893557	20.7983193277311	0
NM_007842.2	7.73809523809524	58.5622710622711	26.2820512820513	1.28205128205128	1.19047619047619	4.94505494505495
NM_007853.4	0	19.6886446886447	74.0842490842491	0	0	6.22710622710623
NM_007907.2	34.9458204334365	37.8869969040248	23.3552631578947	2.78637770897833	0	1.02554179566563
NM_007918.3	0	28.2818532818533	71.7181467181467	0	0	0
NM_008057.3	0	20.8230958230958	77.8255528255528	0	0	1.35135135135135
NM_008143.3	5.81023454157782	51.7190831556503	34.7148187633262	5.51705756929637	0	2.23880597014925
NM_008162.3	7.7724358974359	5.12820512820513	75.8814102564102	0	0	11.2179487179487
NM_008188.2	1.5625	18.2692307692308	78.6057692307692	0	0	1.5625
NM_008252.3	2.24280646432795	19.4718171068191	64.740835632637	9.92707922743398	0.697674418604651	2.91978715017737
NM_008296.2	0.675675675675676	21.9594594594595	47.0588235294118	29.570747217806	0	0.735294117647059
NM_008298.6	14.8601398601399	6.11888111888112	79.020979020979	0	0	0
NM_008302.3	8.85509838998211	52.1466905187835	17.4716756112105	7.21526535480024	5.93321407274896	8.37805605247466
NM_008416.3	5.57142857142857	76.0952380952381	7.57142857142857	7.57142857142857	2	1.19047619047619
NM_008448.3	25.7575757575758	12.3484848484848	29.1287878787879	26.1363636363636	4.54545454545455	2.08333333333333
NM_008452.2	2.22076684924982	22.2084127173136	60.4764527268397	2.09722552988807	0	12.9971421767087
NM_008503.5	4.90118577075099	21.5909090909091	37.5790513833992	21.0573122529644	6.79841897233202	8.07312252964427
NM_008540.2	4	14.8695652173913	33.6086956521739	38.8260869565217	2.17391304347826	6.52173913043478
NM_008562.3	4.87329434697856	16.2280701754386	70.0779727095517	1.31578947368421	0.925925925925926	6.57894736842105
NM_008577.4	1.83080808080808	57.6388888888889	35.290404040404	0	0	5.23989898989899
NM_008628.2	0	36.1111111111111	61.6666666666667	2.22222222222222	0	0
NM_008654.2	12.1621621621622	48.1981981981982	7.65765765765766	26.1261261261261	4.05405405405405	1.8018018018018
NM_008679.3	4.44444444444444	54.9033816425121	39.5652173913043	0	0	1.08695652173913
NM_008743.2	0.892857142857143	15.1785714285714	76.4030612244898	7.52551020408163	0	0
NM_008799.2	7.9133064516129	11.0887096774194	73.0846774193548	7.9133064516129	0	0
NM_008841.2	4.41176470588235	14.9019607843137	69.4117647058823	11.2745098039216	0	0
NM_008907.1	35.3151483050847	46.9014830508475	7.16366525423729	10.6197033898305	0	0
NM_008922.2	0	8.58505564387917	90.0635930047695	0	0	1.35135135135135
NM_008929.3	0	22.2222222222222	70.3703703703704	0	7.40740740740741	0
NM_009000.3	30.0981049807144	52.8970316954553	12.1415394935435	2.61613281905081	2.24719101123596	0
NM_009004.4	2.38095238095238	8.80952380952381	76.4285714285714	0	0	12.3809523809524
NM_009076.3	8.43834939461329	23.2023721275019	34.4329132690882	29.7133679268594	2.45861131702496	1.75438596491228
NM_009077.2	6.37426900584795	25.5263157894737	61.9005847953216	0.87719298245614	0	5.32163742690059
NM_009078.2	1.66666666666667	23.4615384615385	63.6538461538462	0.961538461538462	1.92307692307692	8.33333333333333
NM_009081.2	5.31468531468531	64.1142191142191	25.2447552447552	4.55710955710956	0	0.769230769230769
NM_009091.2	6.06060606060606	51.7316017316017	37.987012987013	3.03030303030303	1.19047619047619	0
NM_009092.3	5.55372445616348	34.0969017798286	47.7587343441002	0.675675675675676	3.65853658536585	8.25642715886618
NM_009095.2	7.08249496981891	37.6156941649899	32.625754527163	19.1348088531187	0.704225352112676	2.83702213279678
NM_009098.2	13.3766233766234	41.038961038961	38.1818181818182	0	0	7.4025974025974
NM_009149.2	3.27717007762879	31.7219477769937	45.6422018348624	10.8151023288638	4.28281580804517	4.26076217360621
NM_009211.2	0	31.25	45.6018518518518	3.00925925925926	0	20.1388888888889
NM_009328.2	11.5196078431373	55.6372549019608	31.4542483660131	1.38888888888889	0	0
NM_009358.3	1.06382978723404	10.7690966166725	88.1670735960935	0	0	0
NM_009438.5	1.72413793103448	35.2873563218391	47.5862068965517	0	0	15.4022988505747
NM_009460.2	0	16.9254658385093	71.9254658385093	3.94409937888199	0	7.20496894409938
NM_009469.3	0.581395348837209	60.5081826012059	34.7329888027562	0	0	4.17743324720069
NM_009502.4	1.72413793103448	19.6471531676022	71.6920609462711	0	2.32558139534884	4.61106655974338
NM_009665.5	19.4085309986766	8.02962435101293	22.5465743662832	35.7910007126133	9.94349994909905	4.28076962231497
NM_009687.2	12.3724489795918	72.1938775510204	10.5867346938776	3.06122448979592	1.78571428571429	0
NM_009790.5	1.28205128205128	16.3514081546868	81.5468684321143	0	0	0.819672131147541
NM_009796.2	0	61.4345114345114	38.5654885654886	0	0	0
NM_009831.2	1.67410714285714	27.6785714285714	64.7321428571429	3.34821428571429	0	2.56696428571429
NM_009864.3	2	33.7916666666667	60.2083333333333	0	0	4
NM_009903.2	0	69.7151424287856	25.1124437781109	1.72413793103448	3.44827586206897	0
NM_010023.4	2.72727272727273	9.6524064171123	83.4224598930481	0.909090909090909	1.47058823529412	1.81818181818182
NM_010046.2	0.819672131147541	45.2395964691047	53.9407313997478	0	0	0
NM_010123.3	5.60936238902341	16.5186978746301	74.0583804143126	1.27118644067797	0	2.54237288135593
NM_010139.3	4.66531440162272	52.3326572008114	42.1399594320487	0.862068965517241	0	0
NM_010202.5	8	61.5	15.4642857142857	8.46428571428572	3	3.57142857142857
NM_010240.2	16.3675429726997	30.7254802831143	30.0998483316481	10.7621334681496	5.23887765419616	6.80611729019211
NM_010256.2	2.4390243902439	18.970189701897	76.1517615176152	2.4390243902439	0	0
NM_010306.3	1.42857142857143	20.4761904761905	76.7142857142857	0	0	1.38095238095238
NM_010322.3	21.1111111111111	27.5555555555556	39.6296296296296	11.7037037037037	0	0
NM_010404.3	13.1451123254402	42.6077717061324	30.3885853066181	12.2191863995143	0.819672131147541	0.819672131147541
NM_010436.2	1.66666666666667	27.536231884058	37.8985507246377	23.0434782608696	6.01449275362319	3.84057971014493
NM_010442.2	7.69230769230769	18.5897435897436	62.1794871794872	2.56410256410256	8.97435897435897	0
NM_010480.5	23.8727858293076	14.8148148148148	61.3123993558776	0	0	0
NM_010590.5	6.11607142857143	62.6785714285714	31.2053571428571	0	0	0
NM_010638.4	0.793650793650794	35.5555555555556	57.7777777777778	2.85714285714286	0.793650793650794	2.22222222222222
NM_010771.6	3.31813576494428	17.5278622087133	61.7527862208713	15.273556231003	0	2.12765957446809
NM_010798.2	0	11.6071428571429	81.547619047619	0.892857142857143	0.595238095238095	5.35714285714286
NM_010880.3	2.5	12.3076923076923	82.6923076923077	0	0	2.5
NM_011015.2	0	17.2161172161172	82.7838827838828	0	0	0
NM_011045.2	0	38.5597826086957	51.1684782608696	1.6304347826087	0	8.64130434782609
NM_011083.2	3.4891800675005	22.7417113361128	71.312289060949	1.77188802858845	0	0.684931506849315
NM_011130.2	0	28.4545454545455	69.2727272727273	2.27272727272727	0	0
NM_011287.2	2.94117647058824	12.0041039671683	85.0547195622435	0	0	0
NM_011292.2	6.94444444444444	33.8888888888889	52.7777777777778	0	0	6.38888888888889
NM_011293.2	10.4166666666667	10.4166666666667	76.25	1.66666666666667	0	1.25
NM_011294.3	0	13.125	82.5892857142857	4.28571428571429	0	0
NM_011295.6	9.2948717948718	76.2820512820513	6.41025641025641	7.05128205128205	0	0.961538461538462
NM_011297.2	5.47435897435897	43.525641025641	44.1153846153846	2.96153846153846	0	3.92307692307692
NM_011434.1	34.2879256965944	25.2321981424149	2.94117647058824	33.5913312693498	3.94736842105263	0
NM_011505.2	20.8695652173913	8.96419437340153	63.2864450127877	0	0	6.87979539641944
NM_011521.2	0	23.9583333333333	66.25	9.79166666666667	0	0
NM_011543.4	5.65175565175565	42.1596921596922	4.17267917267917	35.6902356902357	12.3256373256373	0
NM_011574.2	3.42391304347826	28.9945652173913	61.820652173913	4.51086956521739	0	1.25
NM_011592.2	11.5103189493433	16.8386491557223	52.9831144465291	15.9099437148218	0	2.75797373358349
NM_011631.1	4.05073649754501	37.1931260229133	51.2888707037643	1.06382978723404	0	6.40343698854337
NM_011638.4	2.75450356095517	19.7528278173439	76.6862170087977	0.806451612903226	0	0
NM_011655.5	0.78125	18.6298076923077	79.0504807692308	0	0	1.53846153846154
NM_011699.3	3.26086956521739	7.91925465838509	82.1816770186335	1.08695652173913	0	5.55124223602484
NM_011739.3	1.88679245283019	80.822102425876	12.3180592991914	2.83018867924528	2.14285714285714	0
NM_011743.2	6.04940497655968	17.4179588892896	66.4442841687703	9.02452217814641	0	1.06382978723404
NM_011790.4	2.77777777777778	14.4132653061224	79.3792517006803	3.4297052154195	0	0
NM_011791.3	0	17.5	81.6666666666667	0.833333333333333	0	0
NM_011830.3	4.78955007256894	30.5515239477504	64.6589259796807	0	0	0
NM_011917.2	4.41176470588235	30.7747489239598	55.9899569583931	4.41176470588235	0	4.41176470588235
NM_011968.3	0	15.3873744619799	80.7030129124821	0	0	3.90961262553802
NM_012003.2	0	85.0670163170163	14.9329836829837	0	0	0
NM_012030.2	1.78571428571429	16.6666666666667	66.6666666666667	5.35714285714286	0	9.52380952380952
NM_012053.2	7.83056548244692	24.4902249316796	47.1620769392474	10.3636745848224	0.704225352112676	9.44923270969098
NM_013481.1	1.04166666666667	27.5735294117647	64.7058823529412	0	1.47058823529412	5.20833333333333
NM_013529.3	1.28205128205128	41.6445623342175	51.7020335985853	1.92307692307692	1.72413793103448	1.72413793103448
NM_013562.2	14.2307692307692	48.0769230769231	33.8461538461538	1.92307692307692	0	1.92307692307692
NM_013647.2	4.79094076655052	28.7456445993031	47.0383275261324	7.88327526132404	7.88327526132404	3.65853658536585
NM_013716.2	7.69230769230769	9.61538461538461	38.4615384615385	19.2307692307692	0	25
NM_013721.3	15.1550491911127	39.7655572500822	41.5926557220179	0	0	3.48673783678718
NM_013725.4	9.13770913770914	21.6859716859717	67.8249678249678	1.35135135135135	0	0
NM_013760.4	5.23809523809524	28.8095238095238	31.6666666666667	6.42857142857143	1.42857142857143	26.4285714285714
NM_013762.2	2.08423795049935	31.2201476335215	64.6113764654798	0	0	2.08423795049935
NM_013765.2	5.96356519120747	20.7226738934056	11.8970189701897	55.1595904847937	6.25715146040349	0
NM_013820.3	0	50.0802568218298	45.4253611556982	0	1.12359550561798	3.37078651685393
NM_013859.2	0	13.0909090909091	80.6363636363636	2.27272727272727	0	4
NM_013914.2	7.84658691062632	49.850457424349	41.871921182266	0	0	0.431034482758621
NM_015787.4	18.2485322896282	36.6805283757339	13.9921722113503	26.5533268101761	3.84050880626223	0.684931506849315
NM_015802.3	0	4.6875	95.3125	0	0	0
NM_015810.2	0	61.9190404797601	29.4602698650675	0	0	8.62068965517241
NM_016802.5	7.84475824470462	20.3927964965591	43.5896862990437	0.97193672356779	2.09133970864242	25.1094825274823
NM_016805.2	2.38095238095238	7.14285714285714	82.2510822510823	4.65367965367965	0	3.57142857142857
NM_016806.3	2.72366522366522	27.3538961038961	48.5840548340548	10.8946608946609	3.06637806637807	7.37734487734488
NM_016813.2	6.04395604395604	39.7435897435897	42.5824175824176	3.06776556776557	4.8992673992674	3.66300366300366
NM_016844.2	1.60833762223366	15.5687081832218	24.5753988677303	13.0983015954709	33.3762223365929	11.7730313947504
NM_016898.2	3.2258064516129	26.6963292547275	62.0133481646274	0	3.2258064516129	4.83870967741935
NM_016907.3	4.3557168784029	71.3248638838475	23.0036297640653	0	1.31578947368421	0
NM_017475.2	3.28663793103448	21.2823275862069	75.4310344827586	0	0	0
NM_018771.3	0	20.8333333333333	74.1666666666667	3.33333333333333	0	1.66666666666667
NM_018808.3	0	27.6384535005225	72.3615464994775	0	0	0
NM_018820.4	1.51515151515152	7.37812911725955	75.4940711462451	3.3596837944664	0	12.2529644268775
NM_018853.3	7.48112560054907	18.7028140013727	48.1125600549073	9.67741935483871	0	16.0260809883322
NM_018860.4	2.22222222222222	25.5555555555556	61.5384615384615	7.00854700854701	0	3.67521367521368
NM_018868.2	3.38983050847458	27.9661016949153	55.0847457627119	5.08474576271187	2.54237288135593	5.93220338983051
NM_019419.2	3.98411098594889	28.8195885456809	56.6915673603288	3.6422205094761	0.794450702555285	6.06806189600996
NM_019420.2	10.0529100529101	48.2473544973545	33.5978835978836	0.925925925925926	0.925925925925926	6.25
NM_019438.1	13.1221719457014	54.7511312217195	32.1266968325792	0	0	0
NM_019479.3	4.16012558869702	15.0706436420722	77.5510204081633	1.64835164835165	0	1.56985871271586
NM_019552.2	11.9682359614294	48.6386840612592	14.5207033465684	24.872376630743	0	0
NM_019553.2	3.125	18.4755067567568	75.4856418918919	1.35135135135135	0	1.5625
NM_019641.4	3.33333333333333	17.7777777777778	78.8888888888889	0	0	0
NM_019661.4	1.13636363636364	30.6174957118353	64.4725557461406	0	0	3.77358490566038
NM_019734.3	0	11.7094017094017	86.4387464387464	0	1.85185185185185	0
NM_019772.2	2.15909090909091	22.7272727272727	69.2045454545455	5.90909090909091	0	0
NM_019774.5	0	11.6404101025256	81.1077769442361	0	0	7.25181295323831
NM_019794.4	4.07754010695187	50	45.9224598930481	0	0	0
NM_019883.3	8.95061728395062	26.5432098765432	41.7438271604938	17.3611111111111	3.47222222222222	1.92901234567901
NM_019973.2	4.52235772357723	16.1754742547425	69.7323848238482	0.694444444444444	0	8.87533875338753
NM_020034.2	5.81862659444347	54.9536956141884	8.3609994757994	23.0211427572951	5.78367988817054	2.06185567010309
NM_020507.3	8.80341192564577	25.1160108366192	45.4932360541116	20.1559328701841	0.302209347031106	0.129198966408269
NM_020579.2	0	7.38095238095238	92.6190476190476	0	0	0
NM_020584.2	1.45360030804775	19.4005904248492	69.1310486458734	0.628930817610063	0	9.38582980361956
NM_021296.2	14.8484848484848	7.27272727272727	45.6060606060606	29.5454545454545	0	2.72727272727273
NM_021305.3	0	36.8303571428571	61.3839285714286	0	0	1.78571428571429
NM_021338.3	3.89805097451274	21.2143928035982	72.7136431784108	0	0	2.17391304347826
NM_021420.3	0	37.5286041189931	61.1556064073227	0	0	1.31578947368421
NM_022331.1	7.23981900452489	67.420814479638	19.4570135746606	2.94117647058824	2.94117647058824	0
NM_023133.1	3.125	62.2434701492537	23.6940298507463	6.25	0	4.6875
NM_023138.4	2.5	56.8103448275862	30.5172413793103	5.17241379310345	0	5
NM_023166.2	0.574712643678161	48.6020503261883	43.8956197576887	3.65020192606399	1.35135135135135	1.92606399502951
NM_023232.3	6.03448275862069	59.3103448275862	32.9310344827586	0	0	1.72413793103448
NM_023281.1	3.43551797040169	37.8964059196617	58.6680761099366	0	0	0
NM_023665.3	6.29984051036683	73.2695374800638	17.799043062201	0.87719298245614	0	1.75438596491228
NM_023733.3	0	37.741935483871	62.258064516129	0	0	0
NM_023755.2	26.0229132569558	54.2553191489362	4.25531914893617	12.4795417348609	2.98690671031097	0
NM_023858.3	3.26086956521739	32.6086956521739	53.2608695652174	4.34782608695652	2.17391304347826	4.34782608695652
NM_024175.3	16.1534154535274	26.9876819708847	50.7838745800672	2.12765957446809	0	3.94736842105263
NM_024179.5	3.33333333333333	39.0350877192982	57.6315789473684	0	0	0
NM_024191.2	0	8.97435897435897	89.7435897435898	0	0	1.28205128205128
NM_024229.2	2.17391304347826	37.0652173913044	60.7608695652174	0	0	0
NM_024248.1	0	6.2940220335922	90.9156582987177	2.45018361326832	0	0.340136054421769
NM_024270.3	0	0	98.4375	0	0	1.5625
NM_024454.1	3.10630464795214	78.6470317533364	18.2466635987115	0	0	0
NM_025281.3	4.25531914893617	29.1793313069909	54.065349544073	12.5	0	0
NM_025337.3	1.96078431372549	20.7843137254902	75.8263305322129	1.42857142857143	0	0
NM_025380.2	7.30830976225059	14.9720969344851	74.6884794740463	0.393700787401575	0	2.63741304181637
NM_025404.3	0	35.2173913043478	49.9275362318841	9.85507246376812	5	0
NM_025414.3	3.98541614282122	65.0993210963038	29.0168468694996	1.38295197384964	0.515463917525773	0
NM_025434.3	1.78571428571429	44.1558441558442	49.512987012987	2.27272727272727	0	2.27272727272727
NM_025463.3	0	20.4769736842105	77.9605263157895	0	0	1.5625
NM_025511.2	1.92307692307692	25.6410256410256	60.5128205128205	8.58974358974359	1.66666666666667	1.66666666666667
NM_025536.2	2.49336870026525	36.2599469496021	52.9973474801061	8.24933687002653	0	0
NM_025579.3	1.72413793103448	7.0242656449553	78.2886334610473	0	3.7037037037037	9.25925925925926
NM_025587.2	12.5823451910408	27.9973649538867	59.4202898550725	0	0	0
NM_025589.4	6.68300653594771	47.5653594771242	40.1960784313726	0	0	5.55555555555556
NM_025596.5	12.0300751879699	29.5426065162907	54.2919799498747	2.38095238095238	1.75438596491228	0
NM_025615.2	0	57.7935222672065	41.3292847503374	0	0	0.87719298245614
NM_025649.3	0	81.0714285714286	11.0714285714286	0	3.57142857142857	4.28571428571429
NM_025656.5	4.36159844054581	10.2826510721248	75.8122157244964	0	0	9.54353476283301
NM_025717.3	0	14.2857142857143	64.2857142857143	2.38095238095238	0	19.047619047619
NM_025722.3	0	22.2619047619048	75.9523809523809	1.78571428571429	0	0
NM_025825.3	6.02150537634409	19.7311827956989	68.9462365591398	3.35483870967742	0	1.94623655913978
NM_025845.2	7.08017334777898	18.1256771397616	72.9035752979415	0	0	1.89057421451788
NM_025880.4	12.5173659349819	4.97360377882745	42.4145595998889	0	0	40.0944706863017
NM_025881.3	0	25	60.6666666666667	8.83333333333333	1	4.5
NM_025918.3	7.40740740740741	55.6931931931932	30.5305305305305	1.38888888888889	4.05405405405405	0.925925925925926
NM_025974.2	4	42.3877551020408	46.5714285714286	1	1	5.04081632653061
NM_025980.2	13.9473684210526	60.9210526315789	24.4736842105263	0	0	0.657894736842105
NM_025996.5	0	56.2083333333333	42.4583333333333	0	0	1.33333333333333
NM_026014.3	13.8235294117647	31.9607843137255	53.0392156862745	0	0	1.17647058823529
NM_026020.6	6.84742647058824	31.1121323529412	48.7285539215686	2.74203431372549	4.30453431372549	6.26531862745098
NM_026160.4	4.87997817785052	21.936715766503	63.8379705400982	0	0	9.34533551554828
NM_026209.1	1.35135135135135	50.5733005733006	28.1736281736282	17.1990171990172	2.7027027027027	0
NM_026246.3	2.45901639344262	26.0860655737705	64.8565573770492	0	0.819672131147541	5.77868852459016
NM_026325.3	3.46491228070175	8.50877192982456	68.7280701754386	17.6315789473684	1.66666666666667	0
NM_026401.2	26.4423076923077	23.1490384615385	42.6682692307692	3.84615384615385	3.125	0.769230769230769
NM_026423.4	6.54135338345865	68.8721804511278	24.5864661654135	0	0	0
NM_026445.2	3.16462220389651	60.8081641067931	33.5274713947016	2.4997422946088	0	0
NM_026453.3	0.847457627118644	72.3101067168864	21.6007532956686	0.740740740740741	0	4.50094161958569
NM_026464.2	3.7037037037037	57.3232323232323	33.4175084175084	0	0	5.55555555555556
NM_026487.3	2.77777777777778	46.6203703703704	47.8240740740741	1.85185185185185	0	0.925925925925926
NM_026500.3	1	46.0806451612903	44.5806451612903	6.83870967741935	0	1.5
NM_026506.2	8.79704456245671	45.6014777187716	35.3959824520896	8.79704456245671	0.704225352112676	0.704225352112676
NM_026510.1	0.833333333333333	7.26190476190476	91.9047619047619	0	0	0
NM_026511.2	7.7037037037037	15.5555555555556	76.7407407407407	0	0	0
NM_026513.2	5.4642166344294	35.2756286266925	54.3641199226306	3.19148936170213	0	1.70454545454545
NM_026517.2	0	15.0093808630394	74.343339587242	2.4390243902439	1.92307692307692	6.28517823639775
NM_026519.3	15.5147058823529	45.5882352941177	38.8970588235294	0	0	0
NM_026532.3	0	18.7254901960784	79.3137254901961	0	0	1.96078431372549
NM_026533.3	0	21.6017488076312	72.6351351351351	1.35135135135135	0	4.41176470588235
NM_026572.3	0.472321525295201	49.4160979308851	41.8058715198787	0.552486187845304	0	7.75322283609576
NM_026602.3	11.4317425083241	28.8568257491676	57.2974472807991	2.41398446170921	0	0
NM_026660.2	2.2591857000993	40.4667328699106	55.9582919563059	0	0	1.31578947368421
NM_026678.4	1.72413793103448	7.43534482758621	84.2672413793103	0	0	6.57327586206897
NM_026735.2	14.2960812772134	17.1988388969521	63.7880986937591	0	0	4.71698113207547
NM_026760.2	11.4163257354374	9.55825053574907	77.1819598675239	0.431034482758621	0	1.41242937853107
NM_026855.4	0	81.763925729443	11.3395225464191	0	0	6.89655172413793
NM_026885.3	13.4012539184953	21.1598746081505	61.9905956112853	1.72413793103448	0	1.72413793103448
NM_026909.2	1.38365963855422	26.9578313253012	69.8677522590361	0.993034638554217	0	0.797722138554217
NM_026958.3	9.99216300940439	37.3824451410658	52.6253918495298	0	0	0
NM_027088.2	17.3913043478261	13.0434782608696	47.8260869565217	21.7391304347826	0	0
NM_027090.1	0	76.6304347826087	23.3695652173913	0	0	0
NM_027204.2	1.35135135135135	25.3941441441441	73.2545045045045	0	0	0
NM_027287.4	4.12466843501326	74.5755968169761	20.0066312997347	0.431034482758621	0.862068965517241	0
NM_027356.2	0	30.6293706293706	63.6538461538462	0	0	5.71678321678322
NM_027475.3	0	29.2592592592593	59.6296296296296	5.55555555555556	0	5.55555555555556
NM_027772.2	1.5625	6.41025641025641	83.7740384615385	1.5625	1.5625	5.12820512820513
NM_027855.4	5.4210081667136	14.6156012390876	77.5274570543509	1.68966488313151	0.746268656716418	0
NM_027901.2	1.35352648522095	31.1457418788411	62.4378109452736	4.19959028387474	0	0.863330406789582
NM_027911.3	1.61290322580645	5.61290322580645	75.8709677419355	3.2258064516129	0	13.6774193548387
NM_027927.4	5.55555555555556	12.2461170848268	76.8817204301075	5.31660692951015	0	0
NM_027930.3	7.38738738738739	19.7747747747748	72.8378378378378	0	0	0
NM_027949.1	1.61290322580645	92.1000658327847	6.28703094140882	0	0	0
NM_027980.2	0	52.1254355400697	45.2264808362369	1.42857142857143	0	1.21951219512195
NM_028007.3	0	54.0154724627003	35.9182169828698	6.74157303370786	2.20114201510407	1.12359550561798
NM_028018.2	1.35135135135135	18.1081081081081	74.8262548262548	4.28571428571429	0	1.42857142857143
NM_028248.2	0	9.79166666666667	85.9722222222222	0	0	4.23611111111111
NM_028274.4	1	25.3846153846154	67.7692307692308	1	1	3.84615384615385
NM_028320.4	1.04166666666667	11.2132352941176	78.8602941176471	8.14950980392157	0	0.735294117647059
NM_028339.1	0	11.3978494623656	82.0430107526882	0	6.55913978494624	0
NM_028358.2	2.70748299319728	19.8095238095238	58.2585034013605	17.2244897959184	1.33333333333333	0.666666666666667
NM_028364.2	0	17.6508344030809	77.1822849807445	4.50898587933248	0	0.657894736842105
NM_028390.3	2.5	42.9901960784314	54.5098039215686	0	0	0
NM_028791.6	2.38095238095238	6.92640692640693	60.4978354978355	18.5064935064935	2.38095238095238	9.30735930735931
NM_028918.2	0	8.70776732845698	81.6353187042842	5.40752351097179	0.505050505050505	3.7443399512365
NM_029083.2	2.06207482993197	75.2551020408163	19.6003401360544	1.04166666666667	2.04081632653061	0
NM_029086.2	14.8129423660263	37.0829120323559	27.7805864509606	15.8998988877654	2.24974721941355	2.17391304347826
NM_029103.3	1.38888888888889	12.2311827956989	80.6003584229391	4.39068100358423	0	1.38888888888889
NM_029162.2	2.22222222222222	31.984126984127	63.5714285714286	1.66666666666667	0	0.555555555555556
NM_029211.2	1.11111111111111	23.0348258706468	75.1077943615257	0	0	0.746268656716418
NM_029248.2	5.35714285714286	43.3333333333333	40.9523809523809	8.57142857142857	0	1.78571428571429
NM_029366.2	1.25	36.0648148148148	62.6851851851852	0	0	0
NM_029368.1	0	29.9047619047619	66	0	0	4.0952380952381
NM_029556.3	0	23.3297413793103	71.9827586206897	0	1.5625	3.125
NM_029578.3	15.6855311229062	15.9957262011443	68.0119942096919	0	0	0.306748466257669
NM_029762.1	4.04761904761905	34.6428571428571	42.0238095238095	3.57142857142857	1.66666666666667	14.047619047619
